-1.953188460207022359e-01,2.672271887384044309e+00,9.472148093580383676e-01
-9.272478604827842918e-01,2.948602608908767131e+00,9.958543662781195183e-01
1.236835181306568110e+00,-2.896739675348523946e+00,9.887254093132092914e-01
1.792200805271543240e+00,1.167863708487960173e+00,5.088297920945280550e-01
-2.641895555529557349e+00,-1.922000166811277833e+00,9.636792366075175309e-01
-5.216118911273104342e-01,-3.848711701620108450e+00,4.676804425370544860e-01
7.787517087676951721e-01,1.893555565467243573e+00,-3.043480707566431631e-01
1.889212061855203961e+00,6.821249503500109723e-01,-1.307583991832572679e-01
-5.557544025486083061e-01,3.513271456275271820e+00,8.305416895303930902e-01
-1.173529738895431773e+00,-1.784890741404301595e+00,5.036970114007568444e-01
1.199181470957924711e+00,1.651890301943921724e+00,2.843136132633944380e-01
-2.712562697428879677e+00,1.222086428400120717e+00,9.996910828748806210e-01
-1.804346543357103316e+00,-3.248041647013926170e+00,-6.985437124069249215e-01
-3.059122780462907532e+00,1.612723094211006680e+00,8.888520483402871930e-01
-1.349422936701591080e+00,-1.495868596852347299e+00,-1.701861997175376506e-01
2.893091196364824924e+00,-6.003446603355035993e-01,-9.989744889953869889e-01
-1.351840294905326756e+00,-3.022548964763843937e+00,-9.503825601386686195e-01
-2.983439573467446593e+00,2.417240432525705973e+00,5.429162540138581239e-01
1.514799518473625595e+00,3.641028825369452271e+00,-3.311861023818788441e-01
-1.469978777003594583e+00,2.135170816228761481e+00,-9.130963608122102393e-01
2.894983510079930156e+00,-2.358115077002793214e+00,6.793114863155220728e-01
4.963048399474368488e-01,-3.063255815948199512e+00,-9.946605511799790911e-01
-1.428113172956898991e+00,3.128963744984176287e+00,-8.982595812776166255e-01
2.081420035726098128e+00,-1.073469223135342432e+00,-7.529585115834332987e-01
-6.921596677886791005e-01,-1.876501921208143520e+00,-1.312333349400514673e-02
1.565677549318331030e+00,1.249623776311240109e+00,8.023275903184637348e-02
2.684174248469665791e+00,2.069756640607960829e+00,-9.210281062517607920e-01
1.128176211454054112e+00,3.619193401203046889e+00,-6.118738757226276359e-01
2.984485473419167700e+00,-2.649574845848834403e+00,1.344916065754881707e-01
-1.482539305351034065e+00,-3.140893097128824252e+00,8.809539446866879731e-01
1.573450400789699222e+00,-2.187666826622124194e+00,9.522695580488942380e-01
-2.398837344762021484e+00,-3.070046722615600299e+00,-4.438490358263400548e-01
-2.760876888861203415e+00,1.837431122910792469e+00,9.486215765264328637e-01
-3.238499926675404428e+00,-2.154887432225027766e+00,-4.561306849510243788e-01
1.906422850286287884e+00,-2.243013990656975043e+00,-9.984157179200374710e-01
2.117250124463510019e+00,-1.701921048660892222e+00,9.589673985196449646e-01
-1.561456297266193394e+00,-1.354394244753211574e+00,-3.599017894886091806e-01
1.725268847973427278e+00,-3.168549251444289894e+00,-7.940863148761854173e-01
-1.346362251458484538e+00,-3.564272308894778973e+00,-5.863159531529321677e-01
-1.155589713019805620e+00,1.845805956398929082e+00,5.690575165256018808e-01
5.227901883858406817e-01,2.426286061554725038e+00,-8.553622723832030594e-01
2.953332520099586578e+00,2.165734298301900562e+00,-7.492222515213020628e-01
3.369216584627051869e+00,8.336399719454670176e-01,-8.822304839750769734e-01
-5.975911376120927043e-01,-1.918857925970605560e+00,-1.393649855251742620e-01
1.716221435367046633e+00,-1.284631608359660060e+00,5.165733718588430001e-01
1.635933336082965983e+00,-2.758958971133854021e+00,-9.782324969532586456e-01
-1.501370269209798769e+00,1.322041806039238043e+00,3.087507339714211027e-02
3.941646370242730235e+00,-6.578829471201405044e-01,-8.742131597179712832e-02
-1.744527643866386590e+00,-1.139080456080787229e+00,-3.999845040790618866e-01
3.937342565515489778e-01,-3.932213101998881744e+00,-3.064823785527464595e-01
-3.226462440989945168e+00,2.128270549595517647e+00,-5.014661225152826640e-01
1.116085665933070015e+00,3.173038301002094830e+00,9.315543423478925833e-01
1.339813588093289543e+00,2.502907169568618695e+00,9.869464683299576935e-01
1.446238545676783893e+00,3.134865870108780150e+00,-8.918207069716745927e-01
-3.175467523106281220e+00,-2.425193505842231811e+00,-9.325435744930003767e-02
2.439432063864186429e+00,2.086996050846819717e+00,9.776249983478582095e-01
2.576497929204979442e+00,3.240195746159216794e-01,-9.151084924349215388e-01
1.055583635475959126e+00,-1.837281064377843887e+00,-4.729833331844247035e-01
2.680651387455502466e+00,1.932493587880803387e+00,-9.524783216022241206e-01
-2.900867379369710175e+00,-2.733454361763869134e+00,-1.677743600353199249e-01
3.692453275967595427e+00,-1.533729465994730035e+00,-5.799618628750394939e-02
9.036745273057330760e-03,-3.626475401447700531e+00,-7.794321420068626161e-01
-3.538276595418188730e+00,-1.787927547566072750e+00,-2.646230635747494064e-01
-2.328782732744156370e+00,-2.112942462063633897e+00,9.895077116933114203e-01
1.993112141774361135e+00,-4.486463244301863718e-01,2.900318254172045140e-01
5.143006125755592572e-01,3.476699181627737278e+00,8.574705683472341189e-01
-1.285385831618258923e+00,-3.189415221140882384e+00,8.986386547510428757e-01
2.741877995273333646e+00,7.410602643811879942e-01,9.871587913637565048e-01
-9.871037886371436532e-01,3.308221086272884914e+00,-8.918419601865315016e-01
2.619986317010802868e+00,-1.290323773466108159e+00,-9.968340943560323186e-01
4.353403771688850177e-01,-1.972923171573741197e+00,2.008739609973887452e-01
3.106587950262492015e+00,2.509975812955073105e-01,9.931658996589239896e-01
-1.079021598662573744e+00,3.577168283986893904e+00,-6.765849189644768114e-01
3.919867167844285127e+00,2.418044228195581069e-01,-3.742739843477059791e-01
1.702476809792858647e+00,-3.217034760172953423e+00,7.685876595448049020e-01
1.701040175201968818e+00,1.413853098200674063e+00,-6.155520471186225473e-01
2.260541559183880889e+00,8.534600396470393147e-01,8.119599545785297634e-01
3.860113844164507757e+00,-4.413056603338502693e-01,4.651003201442884261e-01
-1.664233999076823123e+00,3.631404901528653362e+00,-1.038459715400940481e-01
2.246196250798910388e+00,7.144698280102013133e-01,7.659402089526262669e-01
-2.294306059787490693e+00,1.907862778724314978e+00,-9.998707141332332515e-01
-2.646564899153736050e+00,2.962720099205850222e+00,2.322397402081313733e-01
3.979080231500192522e+00,1.697483348621554311e-01,-1.852080417901572629e-01
1.588587729122732828e+00,2.128665978215197097e+00,9.390037001227993230e-01
9.119857418549085493e-01,3.541465523500891610e+00,7.538849697582812315e-01
-1.100605736845155391e+00,3.227613122843342897e+00,-9.120380948044198854e-01
-1.796681719825146795e+00,-1.550742622741275722e+00,7.793139820948450369e-01
-7.333114199989140269e-01,3.239263071085605628e+00,-9.470010967604374219e-01
3.129636586716791236e+00,-1.996265540549193584e+00,-7.020760206262337544e-01
3.601375288806433872e+00,-8.797065096984282295e-01,-7.069520710624892512e-01
2.706303320219727748e+00,1.060400778741233285e+00,-9.956319556990487207e-01
8.555649974764651944e-01,3.252314398405212970e+00,-9.318023785746968324e-01
3.979207591568738045e-01,-3.048123035315062346e+00,-9.972592193003098071e-01
2.246136903918475980e+00,9.556835923916719988e-01,8.291650477173932998e-01
1.489515900866745568e+00,3.430393621388494463e+00,-6.728042065173207575e-01
-1.048800106640482843e+00,-1.871133296349728026e+00,-5.186650700786862300e-01
2.373831625426535474e+00,-1.649975550438109728e+00,-9.940344440701964768e-01
2.317538540974465988e+00,-2.563946975534502126e+00,8.899150526848441656e-01
6.043743434120505409e-01,-2.142670705258726827e+00,-6.335231749450831451e-01
3.437222517169765901e+00,1.182428333115578711e+00,7.725787939639864321e-01
2.411669266023550584e+00,-3.565915325805978919e-01,8.270622746325547725e-01
-2.501012634114226252e+00,-2.194569839460509098e+00,-9.449061274713833614e-01
3.423946742053006087e+00,2.057452498619636305e+00,-1.041503644984511645e-01
-1.216406041988151859e-01,3.926637468231611638e+00,-3.712795673535115304e-01
-2.900993014159729988e+00,-2.750195544511336188e+00,7.184004827794700232e-02
-2.229011717263634562e+00,1.949261281330999296e+00,-9.992431057218356116e-01
1.317307351161024265e+00,-3.689111154262879833e+00,3.983142768188929206e-01
1.771997845959520479e+00,-3.530721312576993398e+00,3.109106819404028887e-01
5.445623596985270654e-01,-1.992990190498940661e+00,-3.574008190339414415e-01
-2.991188257010838569e+00,2.005317238183246698e+00,7.991129052326223503e-01
1.976143362786962010e+00,-3.195889351416446589e-01,-6.028992645139540085e-02
-3.157301461416471611e+00,-2.454115297273534502e+00,-4.680274236554543554e-02
3.692593027557967922e+00,-7.599100445467223963e-01,6.380748482109168673e-01
3.835047748075674168e+00,1.087781007781278619e+00,1.647581335876374398e-01
2.956296013990327598e+00,-2.683488158161202009e+00,1.214913260336885070e-01
-7.631468363330241589e-01,-3.282036178106587432e+00,9.291938869297328152e-01
1.329563237279424825e+00,3.524947189581796536e+00,-6.412181562896287490e-01
-9.565199905607174591e-01,3.796830315045083282e+00,-4.024020318992462819e-01
2.857500023945432233e+00,2.230353702610212263e+00,7.807176086469104215e-01
3.117364243349558084e+00,6.242754658349247698e-02,-9.930148712731491356e-01
3.117942965029440128e+00,-2.066664673395682605e+00,6.718602814432912407e-01
-1.900189083379946853e+00,-3.503438171289597225e+00,-1.692469138417215524e-01
6.073509906172261941e-01,2.091581769843112060e+00,-5.694561824923815019e-01
-1.109904702973544544e-01,2.257475001949989846e+00,6.728288441023427824e-01
1.328485563915422718e+00,-2.903885151621558691e+00,-9.811317405563698690e-01
2.955395245812130867e+00,2.693469310495202329e+00,-5.209722186354784346e-02
2.886138559494861422e+00,-5.923058872349894477e-01,-9.985565514271307341e-01
2.965738417922331838e+00,-1.090716437155852647e+00,9.871255608136868531e-01
1.274423351770754276e-01,3.796971800811567377e+00,-6.011849044452935997e-01
-1.889313711313725497e+00,-2.306767749711307491e+00,9.998329975538171599e-01
-1.752258325900449387e+00,2.115475571000631216e+00,9.674490037922159891e-01
-1.117182413788673889e+00,-3.251242494264960925e+00,8.990578367598925924e-01
3.407821831531688606e+00,2.071156974514898774e+00,-1.554157505180877308e-01
-2.288886442977615232e+00,-1.422306915495221036e+00,9.522889339956486232e-01
-2.142209650796144338e+00,-2.182309131855250772e+00,-9.983149551023863255e-01
-1.187979624826146274e+00,-3.161635923382524194e+00,-9.260258143086843585e-01
3.085277404203786045e+00,-2.507578866160257824e+00,-2.187194970507547465e-01
2.177230581582006719e-01,3.956298705266986904e+00,-2.720431818141386127e-01
2.187980677912511496e+00,3.142231507485170106e+00,-5.593188055351021593e-01
-1.686485530985816883e+00,1.384383250596336490e+00,5.750964651774115310e-01
-3.315074748759844869e+00,-1.530244536947785061e+00,7.588935289255264172e-01
3.704697523636024670e+00,-9.380962599621134324e-01,5.700301396523246300e-01
-9.165220512651894857e-01,-3.617283797405304036e+00,6.817461939572273533e-01
-1.466099506918132345e-01,-2.015381417758596694e+00,2.024480161280372559e-01
2.729667900839144234e+00,-4.725681379531633253e-01,-9.732548950750242733e-01
-3.960658936921190310e-01,3.537953189599257087e+00,-8.284564386105612854e-01
-2.036637943018078933e-01,3.421812089478510455e+00,-9.038413786577611519e-01
-2.295258292668490352e+00,1.214522766821649169e+00,-9.151039040982880124e-01
-6.533426346194725065e-01,2.226868253458817559e+00,7.338906670738984950e-01
-1.854748031810191433e+00,-2.590418960993142505e+00,-9.825567353875599430e-01
3.297958991347265556e+00,-1.032442450714694759e+00,-8.900883494437238364e-01
2.201895313966325318e+00,3.175691804373830252e+00,5.028550292763619423e-01
-1.757947646443748235e+00,-3.592879099761637551e+00,1.448977048713309332e-02
2.391878433255489433e+00,-1.440154059211769644e+00,-9.781235760353004238e-01
-3.000079519228522895e-01,-3.636069899565464336e+00,7.612780633795380725e-01
2.920467348342834057e+00,-2.668282149524006996e+00,-2.938098240004822781e-01
1.901947901459924761e+00,1.609285701679196601e+00,-8.610186137313733390e-01
9.637826644867429904e-01,2.717848001089518295e+00,-9.932110667545526184e-01
3.469786969822339806e+00,1.519774088074551388e+00,6.156429879037803587e-01
1.911993394864108131e+00,-3.513403935505682973e+00,-8.277083557245372425e-03
2.920247096979437629e+00,-6.949083052717789366e-01,9.999983987071199287e-01
2.219304405065758878e+00,1.955991193141710383e-01,6.355099561308752421e-01
5.441668279642644102e-01,-2.161419002426390179e+00,-6.366745071706637615e-01
-5.060929656223468465e-01,-3.609829761511905044e+00,-7.640695504788223014e-01
2.450886087827106152e+00,-1.594834243239302340e+00,9.971151491812909606e-01
-2.572911374179410182e-01,1.997744861172546571e+00,1.681881274833237905e-01
-4.582788176186729512e-01,-2.036822878801269443e+00,4.096162267002855240e-01
2.118804674014578282e-01,2.675620691013394392e+00,-9.487581606063589801e-01
3.482169991031625500e+00,1.802823392873007524e+00,3.891284637330438834e-01
-9.010676153512346687e-02,-2.989320881897954418e+00,9.999565549240503337e-01
2.576183718422117241e+00,6.997728344358489228e-01,-9.438174244868060558e-01
-6.513507342216935392e-01,-1.987406209802090817e+00,-4.177127600044132638e-01
-8.112837469424074577e-01,3.801620415107289208e+00,4.613416946655502504e-01
3.036809300953876800e+00,-2.463380634808227665e+00,-4.139466912415220579e-01
1.351664694677699174e-01,3.261485686801102624e+00,-9.644445306425090125e-01
-1.584774665104854874e+00,2.041769026737409565e+00,-9.096542521439517914e-01
1.404788952960108972e+00,3.573051115336823180e+00,5.436883117896752493e-01
1.519288781049701553e+00,3.316413669373235340e+00,-7.617646178300344628e-01
1.211713178221946130e+00,-3.809950691540059164e+00,-6.327490682735704974e-02
-1.505002822066194179e+00,-1.323843924471810318e+00,-9.364374780567338852e-02
-6.604290312408523933e-01,3.126638166758742621e+00,9.806783506364404879e-01
2.511922401302748575e+00,-4.285677022417425097e-01,-8.921293067163017509e-01
-1.653133460677986832e+00,2.423433553723491229e+00,9.977916266833779524e-01
-1.419920799250068644e+00,-2.631838528879443029e+00,-9.999543304842808400e-01
-3.620788827115757891e-01,-3.422277120407353657e+00,-8.973213220977076521e-01
-3.766372434794122426e-01,3.924809665159291416e+00,3.332460239479441699e-01
3.982331179463981741e+00,2.948878213970498874e-01,-1.161273300856430629e-01
2.754781319978663046e+00,-2.203704901757039814e+00,-8.493895929399721823e-01
3.081785630720941249e+00,-8.656737292592876498e-01,-9.795786538171867841e-01
1.287619646549727603e+00,2.350143032836947921e+00,9.473378951213243804e-01
2.177491416083114029e+00,3.144447904313537379e+00,5.654386090674733412e-01
-2.964797303672997764e+00,1.334904528707357541e+00,-9.678676507849592880e-01
-3.098415324747529453e+00,-2.179626703431033263e+00,6.153361899945410940e-01
1.999467472662292078e+00,-1.386330374870636262e-01,-9.228935945864949475e-02
3.378882761865576789e+00,-7.888646215368809722e-01,-8.828001753448864175e-01
3.972728949146944633e+00,-3.038001516952712477e-01,1.763471947116773964e-01
1.110327268110245097e-01,3.987474142373979014e+00,1.477836236113291568e-01
-3.225103509859321260e+00,-2.308773026871494327e+00,-2.573286947429485605e-01
4.439925891468440855e-01,3.782278378535042229e+00,5.888410894659732442e-01
3.659117926780662611e+00,1.593753131278696555e+00,-1.328264086389646104e-01
1.953233875409534415e+00,3.486638658685593750e+00,8.395074004654118349e-02
-1.260652831393580753e+00,1.554410850999644600e+00,5.212059437844229065e-02
2.774394641927115490e+00,1.712686606019097058e+00,9.654862265689406753e-01
1.874840780303761223e+00,2.605856052357813368e+00,9.776540638281260298e-01
2.038421376496474480e+00,5.873787614775630717e-01,4.774879691728909359e-01
-2.852997530225220846e+00,-2.778904067699111025e+00,1.852022204345718515e-01
9.489435827864131645e-02,2.341345106448099678e+00,-7.541234772221676597e-01
-3.058690184384178501e+00,1.571896548824808670e+00,-8.985067094757858142e-01
-2.065302033512480318e+00,-3.216440912106490746e+00,-5.688675488026849747e-01
2.018633243687264933e+00,-9.088957572641854776e-01,-6.179897286757590757e-01
-1.458070532767042682e+00,1.921970585364789041e+00,8.091917164887791891e-01
-1.623439436826367821e+00,-2.097045219768412405e+00,9.374980506348513654e-01
5.605574122808163473e-01,2.833624039079320589e+00,-9.937686584577973825e-01
3.495433839956577859e+00,-1.386496595556731437e+00,-6.494826839463051504e-01
-2.463651271655747710e+00,-2.247202649924724849e+00,-9.423634344364936188e-01
2.139824327506742119e+00,3.313885446943170443e+00,3.279260395977037779e-01
-1.414820515364199616e-01,3.191411052168774187e+00,-9.808934724957871776e-01
1.926388484844311355e+00,3.000023775522445035e+00,-8.249093067420721903e-01
1.680293404084505005e+00,3.520950337055658963e+00,-4.331059884544536387e-01
-1.303456309963873183e+00,3.495997999112503862e+00,6.822856634022116395e-01
1.627793211136659313e+00,-3.292813794493158142e+00,-7.394684841781455908e-01
-4.828381509750186429e-01,2.800817090299227541e+00,9.874600765830073845e-01
-1.747769885740252604e+00,9.741027699009205953e-01,4.226927659281417421e-02
-4.179593722417916934e-01,3.808152591431929856e+00,-5.562421552622152099e-01
-3.045185408142195294e-01,-2.959733149889794301e+00,9.996963258622931781e-01
3.713689751207480683e+00,1.437556511201112608e+00,1.877439157035649953e-01
-9.082682116536811012e-01,3.610024958365883663e+00,6.913393238542500097e-01
-9.143344599355023306e-01,1.844452866486704368e+00,-3.374141600898954985e-01
1.178142538516746329e+00,2.567013371864523386e+00,-9.844724004911407089e-01
-1.790643166748498993e-01,-2.401707192112296774e+00,-8.062119624878746338e-01
1.694349755969550397e+00,3.615250726168668383e+00,-1.214257329085626919e-01
-1.202450642672689085e+00,3.663030122154288915e+00,-5.180604901898332448e-01
2.886871700440822419e+00,1.069694525121679840e+00,-9.968998716568193696e-01
9.905499620922983417e-02,-2.821275112311142141e+00,9.842132769154348093e-01
-2.574659103546977690e+00,2.962779081347103105e+00,-3.795623482609142840e-01
-1.747959498070533746e+00,-2.604597239378720896e+00,9.906036410492832234e-01
7.915454125878507163e-01,3.790565596179532815e+00,4.889193818669218539e-01
1.982608838621121805e+00,2.732784078067538314e-01,-5.202592165761166926e-02
-9.753627832881692772e-01,1.993557273128829799e+00,-6.249934321378276536e-01
6.672659880322451276e-01,-3.613270193636969552e+00,7.383972632710736894e-01
1.485651321391976420e+00,-2.426217529670727124e+00,-9.879052680333737513e-01
-1.703159114288685716e+00,2.380499726502642854e+00,-9.973344522735861917e-01
1.802059311200888692e+00,-2.583318246491011827e+00,-9.887232716747712535e-01
2.386337278841922149e+00,7.811561685819085055e-01,-8.722491278044635088e-01
-1.207026381243739566e-01,2.586286103455346375e+00,9.116809541623397406e-01
5.336836014470182077e-01,2.963434364395982623e+00,-9.999383226526804558e-01
3.000074348541483360e+00,-2.370677936874216574e+00,5.670489653770918181e-01
-1.166403287956721657e+00,3.429646021111470766e+00,7.825690507486443570e-01
3.754871868367298582e+00,-1.344062170747542639e+00,1.533092242774550806e-01
1.987005097495152750e+00,1.624750794510156027e+00,-9.012549479095621763e-01
-3.306979811875950581e+00,1.560437676087838899e+00,7.541964035200017236e-01
-9.049524107572387566e-01,-3.473302325488297981e+00,8.079454458865970023e-01
-2.084527937651000418e+00,3.066366691073602713e+00,7.064019960918823671e-01
3.524399386765658893e+00,1.670618796835950493e+00,-4.352651252784620617e-01
-1.368735418490984124e+00,3.392626531314185012e+00,7.527326637105815621e-01
-4.151293408159628107e-01,-2.619353054314693896e+00,9.375112439341329873e-01
2.698035438286765952e+00,2.117667668124771918e+00,-9.028974995503067369e-01
2.629072713746239964e-01,3.145166659482767191e+00,-9.877355891575958502e-01
1.126188984792830361e+00,1.917580651706261463e+00,6.305229531485798677e-01
2.892853786964959095e+00,2.761920576161120522e+00,2.824544503096127965e-02
1.562281821774566426e+00,-3.681982158308732433e+00,-2.388854818332922930e-02
-7.756659557748440958e-01,-1.844923343456053910e+00,5.193435631849067230e-02
-2.004865853132388409e+00,1.895629279418499458e+00,-9.705618444264748623e-01
-1.913224968491903599e+00,1.549811106216597789e+00,8.430614937166663880e-01
-3.368945937625337228e-01,-2.473739257402384872e+00,8.640385956323315408e-01
-1.921761642815307924e+00,-1.470585042187368741e+00,8.145264545669204104e-01
2.792659882028499130e+00,-1.627619171292870925e+00,9.726319881205486295e-01
1.773827169087447198e+00,-9.836966435918497176e-01,2.363410396573534522e-01
-2.029824537290255471e+00,-3.160404527312165257e+00,-6.544473026349472145e-01
-1.479112138596075265e+00,3.716316956340298461e+00,1.743195492964214749e-02
-4.898331665357631426e-01,-2.675020262994037612e+00,-9.598534713297126597e-01
-2.691332668123704863e+00,-2.954242554861608028e+00,8.535140447329263302e-02
3.743690326468226193e+00,-1.139422241202424191e+00,-4.074068385635276068e-01
3.743590582528105171e-01,-2.230833043694516071e+00,-6.748289394939654962e-01
1.805976513032439890e+00,1.942279812580670839e+00,-9.375573632580159744e-01
1.338526355231716813e+00,-3.141256739201090387e+00,-9.100268700445913739e-01
2.158643838449558761e+00,-1.229874591931007899e+00,-8.568404768221435930e-01
1.496851331297723409e+00,-3.362465041283780209e+00,7.326654578908534665e-01
-1.234172141232811937e+00,1.863290085130694163e+00,-6.439786732846561890e-01
-2.126111239969333155e+00,2.324537142573569692e+00,9.886541401982543720e-01
1.659603062118416572e-01,3.890191160130893611e+00,4.486060943234851384e-01
2.043368306929493450e+00,7.458946403983001128e-01,5.654976104219262556e-01
2.360414794635953051e+00,-3.228304792139541579e+00,4.027465527829543479e-02
4.678601741873876230e-01,-3.939868661509019709e+00,2.526771199591388850e-01
-2.010017315044477559e+00,-3.266164061461755530e+00,-5.500971202967757101e-01
1.211790313043926703e+00,-1.731346361732323036e+00,-4.623266678284307374e-01
-1.090787369139437413e+00,-1.697836895649971645e+00,-1.890652969347603463e-01
3.570888818026431433e-01,2.111242849859921833e+00,5.123585176893352688e-01
1.261003743243107822e+00,-3.634210400535824004e+00,-5.319640933510277891e-01
-2.384525510311804375e+00,2.619897708646317547e+00,-8.400084309160109619e-01
1.988523280153254857e+00,-1.643745774816047334e+00,9.074994383180933211e-01
-1.468024983838061681e+00,2.816003232048911897e+00,9.844465366015378027e-01
2.976937891734185548e+00,1.939508986642845878e+00,8.331770196902756886e-01
-4.244590501994006115e-01,-3.342742118861201206e+00,9.291976766255404252e-01
3.058162028558015333e+00,2.454682944658748145e+00,-3.884808684247652577e-01
1.449640573737824623e+00,-1.539548487930868959e+00,-4.648903319030947001e-01
-3.203171019466529490e+00,1.978899690354414043e+00,6.438530020831432221e-01
7.388796322471257172e-01,-3.857381311992555517e+00,3.737986896594360786e-01
1.953303882037276562e+00,6.697041714652830491e-01,3.544400020707322296e-01
-1.092844360641566093e+00,-2.209440797129090583e+00,8.448151174378379924e-01
2.589182358214108248e+00,2.740075616626668875e+00,-6.382071622609808426e-01
-1.622792891871242205e+00,-1.315200852702379075e+00,-4.120302400968793854e-01
1.267434745694963283e+00,1.592707116197952688e+00,-2.639451339625730197e-01
-1.237797759115236484e+00,3.507864001689423805e+00,6.941339585557383396e-01
-2.597731640384123075e+00,2.935925382157986263e+00,3.914786763561701188e-01
-2.645457893564184371e+00,-2.471312437432618303e+00,7.844454091766778214e-01
2.655140405548423121e+00,2.831671704507112253e+00,4.716803740751017715e-01
1.170983064381064365e+00,2.697870114463591040e+00,9.982602276147933829e-01
6.918867426383529251e-01,-3.477597411317039811e+00,-8.379436472866348407e-01
-7.449757235616892848e-01,-3.421136228074106000e+00,-8.652685632336090116e-01
-7.839740716753190730e-01,3.846110192373111136e+00,3.794848493675196943e-01
-9.312715522842685001e-01,-2.450774152977090559e+00,-9.257025154585569737e-01
-1.337057912281282679e+00,3.285029915988709082e+00,-8.373226168245752055e-01
1.849029442612953877e+00,-1.856404394677906078e+00,-9.250450491149251331e-01
5.961935997814306054e-01,1.909755693714585201e+00,3.614095807720024006e-02
1.228172502925050980e+00,-3.460222171143162662e+00,7.408029806444178522e-01
-2.857003795948802161e+00,-2.610124224214873667e+00,4.934347247788590796e-01
-1.831868641530957964e+00,-2.391902328526064547e+00,9.999181284108858980e-01
-9.471374443959851286e-01,-2.085522223640684292e+00,-7.047234636397228247e-01
-2.670993507975135892e-02,-2.458622079798485238e+00,-8.408727691894641865e-01
2.312233678982545726e+00,-2.145582236746891525e+00,-9.880156440941199048e-01
2.116979925817433106e+00,-1.153726706597441476e+00,-8.080980128446759725e-01
-1.351165834081960448e-01,3.916152738309541803e+00,3.954605413311862439e-01
1.100082511324746104e+00,1.830774814762444969e+00,5.032595334028922007e-01
3.117497928156484299e+00,-2.375355335134864632e+00,3.934997458102129642e-01
6.860170014633178992e-01,2.298054751336576551e+00,-7.986957986545855093e-01
3.808440762346198549e-01,2.139642178849359588e+00,5.626017165796622921e-01
1.045848965838761968e+00,-2.890305285848045358e+00,9.972800601420350741e-01
3.346146216201073997e+00,-7.234739215332763873e-01,9.059127098950030543e-01
1.583152738281577543e+00,-2.343913687871067353e+00,-9.851807875823646032e-01
-2.221299302950273002e+00,2.204603723971435336e+00,9.915652706805210270e-01
3.630495881521510260e+00,-2.615986736936349311e-01,-7.684510750620385799e-01
-2.990675642428486380e-01,-3.407943161980755420e+00,9.070418455557548443e-01
-2.132743639282581150e+00,-2.245375232951603017e+00,9.953017309885846542e-01
2.971264042073729961e+00,2.081022839922535006e-01,-9.997697654636495956e-01
1.346389306807849406e+00,3.753926819409331817e+00,1.539825876667940407e-01
2.036614014034368036e+00,1.730611476567989471e-01,-2.932158035509721539e-01
3.332176224018613464e+00,-2.202630918500247503e+00,-1.059758398171913030e-01
3.113296558787166379e-01,3.652189263222227034e+00,-7.464559419127467788e-01
1.484212261543642386e+00,2.741295090208673013e+00,-9.930960425556553117e-01
-3.473119555144834614e+00,-1.982991605591941431e+00,-3.599856765951546522e-02
1.130991091862500131e+00,3.726427154229018157e+00,-4.475120983474358827e-01
3.616631272842916633e+00,-1.180350057952472831e+00,5.941256806049083350e-01
2.452729619714820508e+00,-2.820833752559126051e+00,-6.747507290454526352e-01
7.746546089570351123e-02,2.529552466313364611e+00,8.830591715012116039e-01
2.932196951966982823e+00,-1.704938786819515162e+00,-9.200323316814589258e-01
-1.765774712709087924e+00,1.293272063570788832e+00,-5.846634354325866978e-01
-1.156744170372957070e+00,2.271202114630273439e+00,-8.924262991226344921e-01
2.936607954866215398e+00,-7.733569717970159053e-04,-9.979887081146840977e-01
-1.325745358194978962e+00,3.537123676679643669e+00,6.289911884975772915e-01
-2.964098655909505609e-01,-3.699664380238688377e+00,-7.026665782064147603e-01
-2.104815915712588303e+00,-1.973967909290373024e+00,9.934370031896363473e-01
-9.329570035159989727e-01,-2.310588766814927197e+00,8.612582622690097001e-01
3.033804921412866840e+00,2.323074999054517420e+00,-5.708136257098541666e-01
3.978431785132831688e+00,-7.381628753000564480e-02,-2.032998573887611904e-01
1.278708044187013781e+00,3.681438757753849433e+00,-4.416458936455427975e-01
3.783716472328361835e+00,1.297398051633706695e+00,7.873210370615791806e-03
-1.321331282668845697e+00,2.405192434846492588e+00,-9.667409742511224868e-01
-7.644262647718332027e-02,-2.774773249264929298e+00,9.745491388325397963e-01
3.770273233885111264e+00,5.926263907764706129e-01,5.772538873929050629e-01
1.968316423466854648e+00,6.209762905416971179e-01,3.518615348876060756e-01
-2.206211210942009782e+00,-3.336116070085203944e+00,-2.720867708246654457e-02
2.941962831755902563e+00,-2.698442155010112309e+00,1.255753236636751313e-01
-2.309126418243226286e+00,-2.289097554104757126e+00,9.678660816286343005e-01
-1.510933263330431209e-01,3.309169769053179166e+00,-9.498791439562606076e-01
-5.637933094316507354e-01,3.950176592379540441e+00,1.396015129302974334e-01
5.045319304351078005e-01,2.563079014186312232e+00,-9.217707326336319618e-01
2.184471920259135835e+00,2.943266353587993933e+00,7.465384005267841072e-01
2.036250881825466319e+00,-1.054095924157608888e+00,7.071234753991583188e-01
-2.377583221891502507e+00,-3.185406262802669808e+00,2.227065082095618653e-01
3.301142138107659108e+00,2.218939170494663049e+00,2.105130974538514388e-01
7.941079337243718284e-01,2.126047006552189700e+00,6.829251938537931332e-01
1.212549698892678496e+00,-2.233705289854786447e+00,8.887445251350306608e-01
-2.492915027318217458e+00,2.575626635531125252e+00,8.114100215232994406e-01
-2.328546717199738714e-01,3.662898788109422377e+00,7.420967839285211864e-01
2.469085740495175596e+00,3.643609117229327787e-01,-8.636016086786334478e-01
-1.625900592922026489e+00,-3.201786773503958017e+00,8.067011094813582028e-01
-3.601511933795565223e+00,-1.703911335451359754e+00,-1.768143223534732744e-01
2.150670535936237027e+00,-3.370422027520405983e+00,-6.095332302618589049e-02
1.773063724824960774e+00,3.212291857672766593e+00,7.431381327938488823e-01
5.560602010299537518e-02,-3.855631017583784903e+00,5.169228781886083812e-01
1.261540768906955767e+00,-2.398327329319125401e+00,-9.569908045920694217e-01
1.783344187782305079e+00,-3.548312488344320226e+00,2.380559566655967851e-01
-7.432877923710037860e-02,-3.253626315555764315e+00,9.670792943381436579e-01
2.222012967891915824e+00,6.821567729614819164e-01,7.372376379047201889e-01
-2.383937919258459104e+00,-3.044867413958532332e+00,4.981532021539953892e-01
3.616597197795396568e+00,5.889257080320049464e-01,7.475249564532266966e-01
2.778409420008140174e+00,1.663060774551083920e+00,-9.712391898029488768e-01
-2.578506281253069687e+00,1.656363997703337310e+00,9.979063437721704677e-01
2.048661988531643718e+00,1.942753194261970906e+00,9.842737530572855942e-01
1.565204209544736935e+00,-2.124888876823666450e+00,-9.326168468701306891e-01
1.780407457385242420e+00,3.448974051175827338e+00,4.723690346740537782e-01
9.894151678244689219e-01,-3.169673294722645362e+00,9.472459211341570651e-01
3.703688165416546330e+00,-5.676856167803618486e-02,-7.100778241026177717e-01
2.268626287458361812e+00,5.413786454573846774e-01,7.444559904454033372e-01
-1.844507193062550288e+00,9.670008473502347268e-01,-3.980077003925999168e-01
-8.542704872212958378e-01,-3.125874245181649247e+00,-9.706480828307316733e-01
-3.505789458835289474e-01,-3.032778952586644650e+00,-9.985958612518909261e-01
-7.174219816791749249e-01,3.772479148277872785e+00,-5.424466341379348133e-01
1.426419112907516107e+00,-3.668443229916243276e+00,3.519826989585465582e-01
-2.756892447834026427e+00,2.888822246602833488e+00,1.163097887962538657e-01
1.142801186515867373e+00,3.574594703619527802e+00,6.582167045909439462e-01
-3.041067308649697321e+00,-2.596565317903918313e+00,-4.938043445913081059e-02
2.094528264634026193e+00,-3.406502607264823013e+00,-4.660416687359326265e-02
-1.427726747581638866e+00,-2.379261431727504483e+00,9.743031266949743197e-01
3.466708273353717118e+00,1.995313115521746727e+00,-1.283840051143487516e-02
-3.274099802920939606e+00,-1.664529615943523444e+00,7.397094403535322549e-01
-1.925665197350204361e+00,2.866494765971602021e+00,-8.913802645932868973e-01
-9.233479334208262168e-01,-3.181346523105556656e+00,-9.498740097223454804e-01
3.493017977945258590e+00,1.016259387139040404e+00,-7.701600358879233665e-01
-1.106145528336526684e+00,-1.680663524840605660e+00,-1.545235083960795064e-01
7.630701982932535099e-01,-2.854655989903009505e+00,-9.989817357154504585e-01
3.428310209660805796e+00,8.838393089447990070e-01,8.414036532250480649e-01
3.775645698322052546e+00,3.655393311987361615e-01,-6.088318728259354273e-01
2.304827759234512996e+00,-1.861028395665772273e+00,-9.992918784732609527e-01
3.161129874625607350e+00,-2.438574391788741469e+00,1.229230547853383954e-01
1.667822226357408733e+00,3.355491118260711225e+00,6.646826809865076235e-01
2.999262791718139809e+00,-1.589186607791398309e+00,-9.189932260083700788e-01
-2.107740494984316371e+00,1.401340069873031835e+00,8.832362401757198889e-01
-1.898957036603129422e+00,3.210829009732525385e+00,-6.830803308516858463e-01
2.396080840148520519e+00,-2.132619620142905514e+00,9.781948716996430315e-01
-1.758892572267334087e+00,-1.465840811191909676e+00,-7.038255297242090869e-01
2.007589255089392122e+00,-9.068852245507309506e-01,-6.038733940518159482e-01
-2.162536113975728203e+00,-2.084498769847150879e+00,9.999934691770101525e-01
2.800866315310337473e+00,-1.430253458055019244e+00,9.894444173428061928e-01
-2.552400303235708101e+00,-1.226849342723045799e+00,9.857774439040739578e-01
3.261427673047569087e+00,1.213528373481536360e-01,-9.646089607317795966e-01
2.281960055819891586e-01,-2.049902033362720477e+00,3.481586303101084634e-01
2.533566914530198666e+00,3.047593552552749330e+00,2.688609629164573356e-01
2.588733262378378974e+00,-9.511087660959094414e-01,9.702574263835307411e-01
3.845660065792614546e+00,1.098821142065824485e+00,-2.953889328146623930e-02
-5.373310288423485126e-01,-1.997936660765291750e+00,-3.648431728042159650e-01
2.617405354948690310e-01,-2.231184267710959457e+00,6.574298192016435616e-01
2.822602882580231398e+00,1.937914039552073531e+00,9.057427148756711510e-01
1.446520531606518833e+00,-3.555012148410940487e+00,5.456124014544616596e-01
-1.663031325821044959e+00,3.465105741479975077e+00,5.371008300137077862e-01
-8.648730519037881592e-01,3.555880385283564760e+00,-7.516625503512605055e-01
-7.153482402885514846e-01,-1.888990558566549849e+00,-1.985195682673174811e-01
2.773886065802609657e+00,-4.961858100702778440e-01,9.832827714538707742e-01
1.974657291668465264e+00,1.362887747124766902e+00,7.994892300591753820e-01
-1.230484578996809963e+00,-2.354080056342361615e+00,9.390695474405847953e-01
-5.442924218022726635e-01,3.186971985966408294e+00,-9.724487266820193154e-01
1.784599992939922330e+00,-9.093734481611768228e-01,-7.658760531632452517e-02
-1.597913940411789691e+00,-1.204437661596622133e+00,-4.469924255530047241e-02
2.114801822383534979e+00,1.087773562655385273e+00,7.831431583817510811e-01
2.061872048857408046e+00,3.024354570681981436e+00,-7.509730124735413126e-01
1.917263143725470131e+00,2.416536876098436704e+00,-9.964040957453461633e-01
2.450273790132841967e+00,-1.549404139669386060e+00,9.948915691789780302e-01
2.823302523873835845e+00,2.404717701926827100e+00,7.056117012035535430e-01
1.346218550983286910e+00,1.884892291884256776e+00,7.297384427838807808e-01
8.353036540690225165e-01,3.406204942987469675e+00,-8.618692831052968684e-01
-3.035244561661752272e+00,-1.500961066431575563e+00,9.224618470117718072e-01
-2.541468531819216281e+00,1.191756162622531479e+00,9.812021217482931323e-01
-2.076612851253544889e+00,1.170604333918425999e+00,7.876115406621965187e-01
2.397898364758173084e+00,3.088826418955733288e+00,4.138594182529171106e-01
1.790172473621908233e+00,-3.552888113761155431e+00,-2.066820881504762841e-01
2.566902271340187891e+00,-2.884878238939680095e+00,5.076856204210639101e-01
3.535319694805733715e+00,6.770410471904650951e-01,-8.003258847557972455e-01
-2.551134687296279679e+00,2.771426678153246392e+00,-6.418366530206105480e-01
2.169939303978467127e+00,-3.357707403070137708e+00,6.548013979533889861e-02
-1.100383817539521081e+00,-2.892397535191468805e+00,9.955113883197114211e-01
1.644292946025661228e+00,2.636475835478864660e+00,9.942372635403127212e-01
-1.613618262055701802e+00,-3.579382217785206155e+00,-3.768152277733343158e-01
3.029719409228427196e+00,-2.320539360075973168e+00,5.776361506224836351e-01
5.671919558084267399e-01,-3.359172529226910342e+00,9.135524990707404314e-01
2.732266987914228284e+00,-5.726919890730950424e-01,9.780523975695339933e-01
-2.538961551305067843e+00,-1.640924376577974186e+00,9.997338279200754796e-01
-9.389701369694046784e-01,2.217973392948154654e+00,8.063352476336431707e-01
5.748550895609312317e-01,3.120207249829016760e+00,9.849709798437253916e-01
9.385745415387737323e-01,-2.929819042488579051e+00,9.970707091860024907e-01
1.480336903243570257e+00,-3.616344938420337662e+00,4.198331186235395029e-01
-2.444020753009775504e+00,-2.762809755772054565e+00,7.250660539846210950e-01
5.506777987464609447e-01,-2.695530793477830755e+00,-9.685563227972696643e-01
2.340286757668413209e+00,-3.156507341313318005e+00,-3.689790594033114379e-01
-1.051199219019111952e+00,-2.902170186106417304e+00,9.962359497070882863e-01
1.973295562229024080e-01,3.898882351818492964e+00,-4.278013895625005780e-01
-2.930806120374873647e+00,-1.797191025207814485e+00,-8.989979217329477912e-01
-2.207769820147697182e+00,-3.299198213656926448e+00,2.440795599711146069e-01
7.282568750244361455e-01,2.385287341698942853e+00,-8.625238072096520492e-01
3.363228905874301233e+00,-1.435896212466070798e+00,-7.539551972621869602e-01
1.335127513584410286e+00,-3.668605648795636220e+00,4.275278826036632562e-01
1.672428294958812955e+00,2.163399349062944843e+00,-9.641019413296906260e-01
3.770796302672371203e-01,1.969623077164813996e+00,-1.037227937221033847e-01
2.375230496008490011e+00,3.174830663222105026e-02,7.809789611633622952e-01
3.705974066603323180e+00,-1.483422348318277795e+00,-1.274897952879966712e-01
1.306216193542842019e+00,2.538414368835631318e+00,9.893988598517970967e-01
1.968874330188266963e+00,-3.386574090660065206e+00,-3.981642105273233145e-01
3.706958702604534750e+00,1.390535343547042446e+00,2.827855169622873754e-01
4.972150423007396514e-01,2.011135547496358367e+00,3.718008250638344947e-01
-1.043224888685463647e-01,2.151238780168849285e+00,-5.328127136245979223e-01
2.898141288772426716e-01,-3.204333661790825794e+00,9.760797022854502680e-01
-1.669967758603547070e+00,1.831861653929947265e+00,8.534419572091594963e-01
1.881882555567124582e+00,2.332087814663879488e+00,-9.999945023514468234e-01
3.398291849497966144e+00,-1.191144122950360540e+00,-7.992478932270407066e-01
2.333720304803288847e+00,1.037666130695520161e+00,8.950412970113451605e-01
3.896714856159924523e+00,-6.674926177052437071e-01,3.014846993223259108e-01
-1.780185351671624394e+00,-3.511688191302996032e+00,-3.489732316892805164e-01
1.400492611743392013e+00,1.822601989716139625e+00,-7.127027090989186409e-01
-8.484131032793792437e-01,-2.282861837448771691e+00,-8.253772825715727235e-01
2.420036321357256437e+00,1.689081537726529358e+00,-9.988084940732242512e-01
3.675768467924335425e+00,-1.475710721451059637e+00,-2.767785734867020397e-01
3.693703631947486965e-02,-3.899400750117648862e+00,-4.367649020478924227e-01
-4.731729583669814221e-01,-2.006078974561122941e+00,-3.442643476937097269e-01
3.479294907019710448e-01,-2.715578302412834599e+00,-9.650071829584407901e-01
2.517509536596227449e+00,-2.899953085431598243e+00,5.421866371144218322e-01
1.505123640880839719e+00,-3.698365425030093245e+00,1.188960305230651326e-01
2.885251575820924952e+00,2.392332965137213385e+00,-6.636341209000448105e-01
-1.017098669762128038e+00,-3.154991258728406578e+00,9.491299823099560440e-01
1.453738758497620520e-02,-2.011424041687416064e+00,-1.510676600169649775e-01
9.000069041388607527e-01,3.636573244883972933e+00,-6.656226416886726893e-01
1.552312117062934371e+00,1.306319904058827142e+00,2.383813896113720354e-01
3.308954794240002162e+00,-1.906371764037831040e+00,5.740412126847918017e-01
1.745503505706789804e+00,-1.416291448111942186e+00,6.589498780045933701e-01
1.570506909299490550e+00,1.297949464833763056e+00,2.710713361667683174e-01
-3.152067392942616397e+00,-1.982295064518813321e+00,-6.902441075088830980e-01
1.603955446754355085e+00,3.452845998661936644e+00,5.902696445096181632e-01
7.513540079147361661e-01,2.568237927843177726e+00,-9.460188641524933661e-01
2.496466038367568085e+00,-1.190259175182319495e+00,9.721627350811173907e-01
-2.058397210387681309e+00,-3.373107324427273124e+00,-3.074530635489517438e-01
1.464901981999073566e-01,-2.752229915960798134e+00,9.698068503897404602e-01
-5.584166489557074176e-01,2.728049401901513793e+00,-9.765292909435515645e-01
5.201035759348426879e-01,-3.178550534115952786e+00,9.753142359145605678e-01
-1.467093972964121473e+00,-2.643377860776162880e+00,9.997305635277746738e-01
-1.748105409310966696e+00,2.528722969268527798e+00,-9.972481375947849225e-01
1.910473505561758462e-02,3.299651638803871467e+00,9.540313132287124853e-01
-3.244232653778581721e+00,-2.189971656506259912e+00,-4.052461102324080300e-01
8.332909252623088570e-01,1.992026088708716891e+00,5.414886577247279842e-01
1.248356317610956001e+00,-1.602570108104105495e+00,-2.486611973351444127e-01
-2.126205864366653930e+00,-3.252083584481311185e+00,4.647156959587434577e-01
-3.193966815421665384e+00,-2.389967203900878800e+00,-1.468672723960092741e-01
2.601160144181753342e+00,2.205207025975902457e+00,-9.120280293057085874e-01
8.895601192582400785e-01,-1.839727975971056750e+00,2.917515636384538924e-01
-1.513695723175693120e+00,-1.413169571871666808e+00,-3.696442489560695654e-01
3.625745179355387648e+00,-1.218529714522499585e+00,-5.650911689217644751e-01
3.627551097895544086e+00,-1.603027918702860655e+00,-2.586977087956848775e-01
1.900971849422800952e+00,-8.684224404491344140e-01,4.144777431575141780e-01
4.381366149199497628e-01,-3.522467921654967693e+00,-8.354201732884499743e-01
2.763870981606370236e+00,2.051678566887557231e+00,-8.969431904391980126e-01
3.291182666448304595e+00,9.504833696612071670e-01,9.048724974149644495e-01
6.288342530887607307e-01,-2.709245236922641631e+00,-9.757845928484168985e-01
-1.266495512392052047e+00,-2.419504889996607400e+00,-9.631224713916393121e-01
3.745434863038285656e+00,-1.295183840001340903e+00,2.693144577513911231e-01
-6.774490345351036336e-01,1.904284375974385268e+00,-2.048026809129678272e-01
4.596458060583630822e-01,-1.956279330677386685e+00,1.378936360114327575e-01
-2.005231910112415417e+00,-1.637319521832020008e+00,9.115351115985244057e-01
2.302419519055056263e+00,-3.232509211207522437e+00,2.483957105981191293e-01
-3.155766357507473252e+00,2.456597930272577557e+00,-3.957102920774193539e-02
2.071164680239454992e+00,-3.040944291837711422e+00,-7.338837291765347715e-01
2.443488113346405477e+00,-2.905125811985145745e+00,-6.051625056203679964e-01
1.783542659681044640e+00,-1.245409208137024271e+00,5.656168209667847835e-01
-2.966265779788696655e+00,2.214151265351012920e+00,7.126566553124853431e-01
2.646787950254305688e+00,-1.720201506755763221e+00,-9.876506502286495071e-01
-1.170186318336506881e+00,3.004908929778213444e+00,-9.744235714970439499e-01
-2.808668436200089769e+00,-1.880653917379982776e+00,-9.249209878333168877e-01
3.172633791467747599e+00,-4.022046004649298401e-01,9.801966596718911795e-01
-2.043918198690078292e+00,-2.617576443744489278e+00,-9.470655663221726472e-01
-2.134963947032066933e+00,-1.400810971992286991e+00,-8.947816968747199784e-01
-2.358628131660896354e+00,2.815342984533902637e+00,-7.398463309592773207e-01
-1.124372601811231220e+00,-2.298254725479767835e+00,8.972868531306847917e-01
-1.626801064591520296e+00,3.547200970413292076e+00,4.307944974610830036e-01
1.403658149581329839e+00,3.598948745338378163e+00,-5.052217677111009442e-01
3.307907869281789370e+00,-2.639262695129441227e-01,9.479497241497873983e-01
-2.908777198828179422e+00,-2.709220145278254943e+00,-2.220758973360225375e-01
1.787927032779023317e+00,3.409877899440159954e+00,-5.264786436340019860e-01
-1.935685324446317024e+00,3.138657915556945177e+00,7.261336760546459601e-01
-1.559870617087750766e+00,-2.151581623098557383e+00,-9.395311044777348020e-01
2.607890628549252576e-01,3.640555363289338597e+00,-7.600332855405211863e-01
3.162870075447025364e+00,-2.442597890601477140e+00,-8.649608725354804295e-02
-1.397760482496960721e+00,-3.012539316546849477e+00,-9.470747800174046382e-01
-1.071788822721189138e+00,-1.773931594728606509e+00,3.740076596872683456e-01
1.661944761100841994e+00,2.683356281309152269e+00,-9.877038211589505012e-01
3.336189049270049889e+00,-1.515253913424564169e+00,7.475803618709517817e-01
2.240991182548045302e+00,-3.262883063993379018e+00,-2.856333774171431750e-01
1.242695996688507165e+00,1.622754179130002861e+00,-2.931182079392298245e-01
-2.100179534800038716e+00,-9.812328467387875230e-01,7.314422681239665103e-01
-1.394338129580793506e+00,3.548601660015552994e+00,5.826693042140378420e-01
-1.605625082413415949e+00,1.601162165430978446e+00,6.808135156205850080e-01
-1.160751438649481604e-01,2.007129179250647599e+00,-1.444148808511448445e-01
-2.275595944570794060e+00,-2.464621224407000710e+00,-9.350546336774280265e-01
-2.566449031692615623e+00,1.234878746193306176e+00,9.883935072537904931e-01
3.125370022576779760e+00,2.283442757594730477e+00,-4.918762229082929704e-01
3.775507956514337349e-01,2.614465949325672334e+00,-9.335627632019053435e-01
1.506705721574901347e+00,2.116756734566052067e+00,-9.157424747705218415e-01
-2.745483919299939402e+00,-2.905251044333467814e+00,7.384452540769188833e-02
-2.946431745689464421e+00,2.359508123308928784e+00,-6.322675235061884225e-01
-1.841708203504363484e+00,-1.931993801856258797e+00,-9.436917255235817148e-01
5.938005795759977445e-01,2.779384814799612080e+00,-9.874564206250318055e-01
3.222439741299916616e+00,1.174445582154955536e+00,9.029302040492922510e-01
3.679051463394542587e+00,-8.916084505526378212e-01,-6.187987754006533114e-01
1.025577980906562603e+00,2.391089006045266974e+00,9.172780629916438278e-01
1.463751553433957908e-01,2.886262093638866322e+00,-9.939284190010101439e-01
-7.588111767778376038e-01,-2.563708861926588867e+00,-9.452485643909348534e-01
2.137205351502305284e+00,-1.909736170455999249e-01,5.198143926437169826e-01
1.839667663027086952e+00,1.807305163291958117e+00,9.070145639673734550e-01
-3.123043862309891505e+00,2.197667111661378847e+00,-5.740956378458254017e-01
2.359740216204366359e+00,-3.009821308128686201e+00,5.657480340436262800e-01
3.422215089910422225e+00,2.021452474109015185e+00,-2.237440457764413859e-01
-4.919935600504447663e-03,2.327419178518895571e+00,-7.400284005069405202e-01
-2.981628624838602359e+00,-2.586267617820013243e+00,-3.212035153015574962e-01
1.392442968628754496e+00,-2.562050146242486282e+00,9.964649215377128222e-01
2.840498414041390696e+00,2.136514549622527959e+00,-8.323097229669679242e-01
-1.774585900924947834e+00,1.029189295258519543e+00,3.165825603806047273e-01
-3.030165523920318460e+00,-1.980424451597936342e+00,-7.846471990010048803e-01
3.867691729994984673e+00,-1.698156990539743394e-01,4.905413474064924118e-01
3.018520758869561504e+00,-3.021986469294410949e-01,9.994350134772866934e-01
4.993979791431711890e-01,1.960727526845615909e+00,-2.147305017890441259e-01
-8.939676674675449408e-02,2.521563241455252680e+00,8.789832923294338407e-01
-2.636536723548702721e+00,1.914493819627847371e+00,-9.660609144932231773e-01
1.885892462460390551e+00,1.387792010487310490e+00,7.525685430340147697e-01
1.532721903005100028e+00,2.011572400893046453e+00,-8.821140974453258732e-01
3.885490510504394202e+00,-3.194514421191360642e-01,-4.387677868640679213e-01
-6.349109880831871333e-01,2.249438258079798914e+00,-7.489063965817340796e-01
7.313848416857332557e-01,2.178949978566423251e+00,7.125933327620317392e-01
-2.772528862123186943e+00,-2.491771863797444642e+00,-6.858818884521196146e-01
-1.172248420113459533e+00,3.809986547309641036e+00,-1.652790839922635702e-01
3.124677004090397503e+00,2.675446503852073610e-01,9.906937177511013770e-01
2.839766684314434020e+00,1.896286818049208955e+00,9.099580293468257919e-01
2.803777989299395035e+00,-2.708433667579470239e+00,-4.393718806769610352e-01
2.746112899086055492e+00,2.234999421127007224e+00,-8.412334690313489904e-01
-1.261403582562135473e+00,-1.552659861781618300e+00,-3.074876999259764515e-02
-2.567571474570791157e+00,1.438639138400782835e+00,9.983824787202546513e-01
4.850175343728125310e-01,-3.942040149071212252e+00,-2.359480464337701255e-01
3.351816304628619791e-01,2.779265447901415165e+00,-9.796740649075953433e-01
7.467523033449909864e-01,2.999743167209107497e+00,-9.958239909741699591e-01
2.981117318783814696e-01,3.205510392239084627e+00,-9.756478749580200782e-01
3.881252606941697492e-01,3.778838553466705275e+00,6.017049128442416572e-01
-2.061606973214802699e-02,3.999943687287322192e+00,-2.523696132535244250e-03
-1.062083633289347073e+00,3.313586256135037544e+00,-8.774668601042593385e-01
-2.393735258670806054e+00,-1.696301494960515521e+00,-9.978089152007518781e-01
3.108191036344817082e+00,1.432128852802906138e+00,9.064760499330297705e-01
-3.180517206088076865e+00,1.729711102686858348e+00,-7.842534359415054279e-01
3.551032019638260540e+00,-1.671530233304533430e+00,-3.805196745678426362e-01
1.999686133894885476e+00,-7.976116348794339839e-01,5.314152147550346150e-01
-1.665995152193098683e+00,3.559428766689081591e+00,3.675038265507307167e-01
1.703257179772448948e+00,2.524661611404908523e+00,9.989648544378392225e-01
-7.968041963398448946e-01,2.893372893909556876e+00,-9.999994127507406683e-01
2.490554436111055647e+00,2.743251619860656021e+00,7.090374505620249401e-01
-1.189473849926313137e-01,2.207093080115197559e+00,-6.134880356626057907e-01
3.533120165251953715e+00,-1.805933260844672983e+00,2.512858012701690846e-01
2.855106176832816978e+00,-2.781355097933590148e+00,1.672108673682556612e-01
-7.702505859156955070e-01,-2.402194548185086820e+00,8.787198823947861559e-01
-1.162321412983631230e+00,-3.681039223487039713e+00,-5.099793707210700244e-01
-1.377416712194974080e+00,-3.727082098740960081e+00,2.288393457147568921e-01
-3.450406148602520040e-01,-3.930140156258898898e+00,-3.263261467740461441e-01
-3.230006946605787910e+00,-2.077962479771469084e+00,-5.415220915406728786e-01
2.277710966412305194e+00,2.517335166317797412e+00,-9.187495836540896521e-01
-1.403698876820610897e+00,-3.354666448340172025e+00,-7.712738343722155276e-01
-1.937139998342400471e+00,-3.468884540396865113e+00,-2.303046034916175766e-01
1.959785655629225465e+00,3.191175139136864125e+00,6.671638216623800854e-01
1.355668721660313158e+00,3.762608078542417189e+00,-3.514832507723077842e-02
-2.597080199933182509e+00,-3.005242924690085360e+00,-2.352272180962132198e-01
-2.167439915678443185e+00,1.890650443883152398e+00,9.923034692172036930e-01
1.454199768814165017e+00,-3.617894894201950429e+00,4.375115386410543539e-01
-3.503388231986296897e-01,2.030143927983980578e+00,-3.415898661495220812e-01
-2.008453963920763474e+00,-3.454260738651528051e+00,9.238581244652249724e-02
-2.736258845114758032e+00,-2.408800192513309568e+00,-7.637880214891573649e-01
2.491938125216257127e+00,2.076340819982478880e+00,-9.698755589536239841e-01
-5.185630756755301718e-01,2.871603684637547449e+00,-9.966364361075653600e-01
-1.432337803484971639e+00,1.884008871442111044e+00,-7.738739134179919432e-01
